%YAML:1.0
---
K: !!opencv-matrix
   rows: 3
   cols: 3
   dt: d
   data: [ 6.9593517029324187e+02, 0., 6.6219077667105023e+02, 0.,
       6.9634170950259193e+02, 3.6792477332059497e+02, 0., 0., 1. ]
dist: !!opencv-matrix
   rows: 1
   cols: 5
   dt: d
   data: [ -3.2436794418972248e-01, 1.1539538987959949e-01,
       -2.3525801458805425e-04, 3.6101612354231226e-04,
       -1.9861981873200343e-02 ]
image_width: 1280
image_height: 720
